112233010445566170907840000000119000600000000000000
112233010445566170907840000000130002000000000000000
112233010445566170907840000000727001000000000000000
112233010445566170907840000000717001400000000000000
112233010445566170907840000000706001800000000000000
112233020445566170907840000000105000800000000000000
112233020445566170907840000000710001000000000000000
112233020445566170907840000000715001800000000000000
112233020445566170907840000001420000200000000000000
112233020445566170907840000001425000600000000000000
112233020445566170907840000001430000800000000000000
112233020445566170907840000001420000211713358810896
112233020445566170907840000001425000611713358823985
112233020445566170907840000001430000811713358835916
112233020445566170907840000005035000600000000000000
112233020445566170907840000005040001000000000000000
112233020445566170907840000005045001400000000000000
112233020445566170907840000005050002000000000000000
112233030445566170907840000000105000800000000000000
112233030445566170907840000000710001000000000000000
112233030445566170907840000000715001800000000000000
112233030445566170907840000001420000800000000000000
112233030445566170907840000001425001400000000000000
112233030445566170907840000001430002000000000000000
112233030445566170907840000005035000600000000000000
112233030445566170907840000005040001000000000000000
112233030445566170907840000005045001400000000000000
112233030445566170907840000005050002000000000000000
112233030445566170907840000008005000600000000000000
112233030445566170907840000008010001000000000000000
112233030445566170907840000008015001400000000000000
112233030445566170907840000008020001800000000000000
112233030445566170907840000008025002200000000000000
112233030445566170907840000010030001000000000000000
112233030445566170907840000010035001200000000000000
112233030445566170907840000010040001600000000000000
112233030445566170907840000010045002000000000000000
112233030445566170907840000010750001200000000000000
112233040445566170907840000000119000600000000000000
112233040445566170907840000000130002000000000000000
112233040445566170907840000000727001000000000000000
112233040445566170907840000000717001400000000000000
112233040445566170907840000000706001800000000000000
112233050445566170907840000000105000800000000000000
112233050445566170907840000000710001000000000000000
112233050445566170907840000000715001800000000000000
112233050445566170907840000001420000800000000000000
112233050445566170907840000001425001400000000000000
112233050445566170907840000001430002000000000000000
112233050445566170907840000005035000600000000000000
112233050445566170907840000005040001000000000000000
112233050445566170907840000005045001400000000000000
112233050445566170907840000005050002000000000000000
112233020445566170907840000001400000801713358847645
