11223301044556617090784000000011900060
11223301044556617090784000000013000200
11223301044556617090784000000072700100
11223301044556617090784000000071700140
11223301044556617090784000000070600180
11223302044556617090784000000010500080
11223302044556617090784000000071000100
11223302044556617090784000000071500180
11223302044556617090784000000142000080
11223302044556617090784000000142500140
11223302044556617090784000000143000200
11223302044556617090784000000503500060
11223302044556617090784000000504000100
11223302044556617090784000000504500140
11223302044556617090784000000505000200
11223303044556617090784000000010500080
11223303044556617090784000000071000100
11223303044556617090784000000071500180
11223303044556617090784000000142000080
11223303044556617090784000000142500140
11223303044556617090784000000143000200
11223303044556617090784000000503500060
11223303044556617090784000000504000100
11223303044556617090784000000504500140
11223303044556617090784000000505000200
11223303044556617090784000000800500060
11223303044556617090784000000801000100
11223303044556617090784000000801500140
11223303044556617090784000000802000180
11223303044556617090784000000802500220
11223303044556617090784000001003000100
11223303044556617090784000001003500120
11223303044556617090784000001004000160
11223303044556617090784000001004500200
11223303044556617090784000001075000120
11223304044556617090784000000011900060
11223304044556617090784000000013000200
11223304044556617090784000000072700100
11223304044556617090784000000071700140
11223304044556617090784000000070600180
11223305044556617090784000000010500080
11223305044556617090784000000071000100
11223305044556617090784000000071500180
11223305044556617090784000000142000080
11223305044556617090784000000142500140
11223305044556617090784000000143000200
11223305044556617090784000000503500060
11223305044556617090784000000504000100
11223305044556617090784000000504500140
11223305044556617090784000000505000200